0
26426
57883
55434
56634
48634
22373
25685
25885
24979
25741
28909
57881
63313
60249
59273
38960
26573
26694
25794
26345
26291
33689
61754
62262
63664
57589
36359
26655
26801
27483
26533
27362
36509
62267
61440
63227
56148
38475
27070
27215
26490
27573
27909
29132
63072
63424
58542
59178
44590
27548
27896
27991
27451
28575
28737
58470
60643
57807
58773
52222
25616
28339
27829
29073
27988
28881
46205
57031
59050
53905
52055
36447
28785
28433
29385
28555
29545
38938
56402
55615
52342
52149
47140
28825
28474
28415
29897
28291
25987
