0
14536
35888
36250
32042
34433
33779
31759
20698
17887
17893
17895
18052
18873
18117
18265
20901
38583
37859
35620
37290
38980
36895
31850
18786
18027
18132
18994
18017
18001
18122
18382
23273
43222
37394
36483
38683
39556
38201
28883
18419
19538
18631
19406
18722
18451
19657
18581
25484
36865
40287
41510
37405
37956
36135
29289
18956
18867
19278
18876
19771
18997
19992
18838
27728
40260
39906
39909
38276
38744
36916
28921
20139
19060
19151
19872
19393
18765
19500
19080
27143
38704
38483
38239
38451
39048
37680
33733
19091
19262
19981
19534
20149
19304
19267
19216
26129
36759
39231
38835
39597
37418
36489
35266
22778
19403
19453
19475
19390
19521
19479
20227
19646
38748
39281
39043
39162
37952
38470
37322
25383
20377
19827
19746
19652
19650
19700
19602
18805
