1 Nominal 0 0
2 Nominal 0 0
3 Nominal 0 0
4 Nominal 1560 46181
5 Nominal 1620 96634
6 Nominal 1620 91003
7 Nominal 1619 48844
8 Nominal 1620 43789
9 Nominal 1620 43955
10 Nominal 1589 62245
11 Nominal 1620 96820
12 Nominal 1615 96162
13 Nominal 1617 64818
14 Nominal 1620 44925
15 Nominal 1620 45014
16 Nominal 1620 45137
17 Nominal 1618 88734
18 Nominal 1620 98312
19 Nominal 1589 85115
20 Nominal 1617 51769
21 Nominal 1620 46292
22 Nominal 1620 46343
23 Nominal 1618 55442
24 Nominal 1572 88182
25 Nominal 1528 78586
26 Nominal 1535 68336
27 Nominal 1620 47378
28 Nominal 1620 47410
29 Nominal 1620 47416
30 Nominal 1609 65706
31 Nominal 1544 81867
32 Nominal 1515 76320
33 Nominal 1542 64167
34 Nominal 1620 48325
35 Nominal 1620 48348
36 Nominal 1620 48461
37 Nominal 1570 63404
38 Nominal 1460 67211
39 Nominal 1450 65505
40 Nominal 1505 60551
41 Nominal 1616 47976
42 Nominal 1620 48906
43 Nominal 1620 48914
44 Nominal 1537 54875
45 Nominal 1457 67513
46 Nominal 1420 62643
47 Nominal 1447 62465
48 Nominal 1608 49044
49 Nominal 1620 49091
50 Nominal 1620 49101
51 Nominal 1594 52045
52 Nominal 1438 64361
53 Nominal 1449 66084
54 Nominal 1471 66541
55 Nominal 1598 53773
56 Nominal 1620 49138
57 Nominal 1620 49051
58 Nominal 1618 44954
59 Nominal 1481 70961
60 Nominal 1462 67069
61 Nominal 1472 68639
62 Nominal 1559 56050
63 Nominal 1620 48933
64 Nominal 1620 48915
65 Nominal 1620 48832
66 Nominal 1524 61762
67 Nominal 1466 68284
68 Nominal 1409 60919
69 Nominal 1462 60500
70 Nominal 1610 47123
71 Nominal 1620 48793
72 Nominal 1620 48808
73 Nominal 1589 52507
74 Nominal 1452 66874
75 Nominal 1471 69305
76 Nominal 1500 69157
77 Nominal 1568 51522
78 Nominal 1602 45072
79 Nominal 1608 46614
80 Nominal 1613 47049
81 Nominal 1529 63743
82 Nominal 1403 59123
83 Nominal 1452 65964
84 Nominal 1497 60803
85 Nominal 1597 44857
86 Nominal 1620 48679
87 Nominal 1620 48569
88 Nominal 1607 53202
89 Nominal 1493 70602
90 Nominal 1427 62977
91 Nominal 1498 68282
92 Nominal 1528 48302
93 Nominal 1619 48344
94 Nominal 1620 48570
95 Nominal 1620 48563
96 Nominal 1513 59236
97 Nominal 1535 78497
98 Nominal 1477 68724
99 Nominal 1498 63834
100 Nominal 1559 38530
101 Nominal 1616 48007
102 Nominal 1620 48659
103 Nominal 1596 43207
104 Nominal 1537 79735
105 Nominal 1486 69893
106 Nominal 1407 59902
107 Nominal 1531 59044
108 Nominal 1619 48730
109 Nominal 1620 48671
110 Nominal 1619 48487
111 Nominal 1581 57185
112 Nominal 1431 63229
113 Nominal 1491 70421
114 Nominal 1432 60200
115 Nominal 1569 53092
116 Nominal 1620 48728
117 Nominal 1620 48702
118 Nominal 1620 48674
119 Nominal 1555 66614
120 Nominal 1511 73834
121 Nominal 1492 68798
122 Nominal 1422 56089
123 Nominal 1575 45836
124 Nominal 1620 48748
125 Nominal 1620 48754
126 Nominal 1620 47911
127 Nominal 1548 74586
128 Nominal 1432 62749
129 Nominal 1510 73165
130 Nominal 1447 57074
131 Nominal 1605 45559
132 Nominal 1619 48686
133 Nominal 1620 48872
134 Nominal 1588 44260
135 Nominal 1550 80318
136 Nominal 1417 60686
137 Nominal 1509 72214
138 Nominal 1457 52702
139 Nominal 1607 47285
140 Nominal 1620 48991
141 Nominal 1620 48964
142 Nominal 1586 47185
143 Nominal 1532 77190
144 Nominal 1457 65723
145 Nominal 1486 67773
146 Nominal 1459 49450
147 Nominal 1613 47828
148 Nominal 1620 49007
149 Nominal 1620 49109
150 Nominal 1585 50808
151 Nominal 1541 78631
152 Nominal 1465 67369
153 Nominal 1499 69485
154 Nominal 1449 48862
155 Nominal 1612 47690
156 Nominal 1620 49154
157 Nominal 1620 49313
158 Nominal 1585 50295
159 Nominal 1546 79006
160 Nominal 1436 63727
161 Nominal 1506 71259
162 Moderate 1499 56044
163 Moderate 1615 48615
164 Moderate 1615 48554
165 Moderate 1614 47918
166 Moderate 1580 46685
167 Moderate 1530 76157
168 Moderate 1465 65955
169 Moderate 1460 65262
170 Moderate 1446 54150
171 Moderate 1600 47442
172 Moderate 1620 49409
173 Moderate 1620 49468
174 Moderate 1602 42537
175 Moderate 1536 79689
176 Moderate 1448 63825
177 Moderate 1498 71651
178 Moderate 1463 61293
179 Moderate 1593 46648
180 Moderate 1620 49632
181 Moderate 1620 49625
182 Moderate 1620 49416
183 Moderate 1539 71849
184 Moderate 1496 71163
185 Moderate 1518 72401
186 Moderate 1478 61907
187 Moderate 1542 42456
188 Moderate 1615 48707
189 Moderate 1619 49659
190 Moderate 1620 49714
191 Moderate 1535 60068
192 Moderate 1476 67487
193 Moderate 1541 76925
194 Moderate 1463 63439
195 Moderate 1524 49942
196 Moderate 1616 49167
197 Moderate 1615 48721
198 Moderate 1618 49353
199 Moderate 1602 53814
200 Moderate 1513 72246
201 Moderate 1497 70666
202 Moderate 1453 63622
203 Moderate 1516 60271
204 Moderate 1613 48750
205 Moderate 1614 48781
206 Moderate 1618 49449
207 Moderate 1597 43836
208 Moderate 1538 75573
209 Moderate 1434 61854
210 Moderate 1460 65068
211 Moderate 1486 63984
212 Moderate 1528 44162
213 Moderate 1620 50090
214 Moderate 1620 49989
215 Moderate 1620 50085
216 Moderate 1574 60761
217 Moderate 1535 76740
218 Moderate 1524 73435
219 Moderate 1455 62007
220 Moderate 1462 49465
221 Moderate 1615 49126
222 Moderate 1620 50144
223 Moderate 1620 50207
224 Moderate 1582 45735
225 Moderate 1559 79999
226 Moderate 1490 69386
227 Moderate 1461 64501
228 Moderate 1501 65895
229 Moderate 1578 47942
230 Moderate 1608 48177
231 Moderate 1614 48863
232 Moderate 1617 49701
233 Moderate 1537 56017
234 Moderate 1523 74396
235 Moderate 1521 72921
236 Moderate 1476 64141
237 Moderate 1474 49911
238 Moderate 1611 48450
239 Moderate 1618 50084
240 Moderate 1616 49668
241 Moderate 1611 43064
242 Moderate 1547 78796
243 Moderate 1452 63503
244 Moderate 1510 72083
245 Moderate 1477 62083
246 Moderate 1581 54177
247 Moderate 1609 47800
248 Moderate 1616 49448
249 Moderate 1619 50171
250 Moderate 1618 21026
251 Moderate 0 0
252 Moderate 0 0
253 Moderate 0 0
254 Moderate 0 0
255 Moderate 0 0
256 Moderate 0 0
257 Moderate 0 0
258 Moderate 338 46
259 Moderate 338 8
260 Moderate 0 0
261 Moderate 0 0
262 Moderate 0 0
263 Moderate 0 0
264 Moderate 0 0
265 Moderate 0 0
266 Moderate 0 0
267 Moderate 0 0
268 Moderate 0 0
269 Moderate 0 0
270 Moderate 0 0
271 Moderate 0 0
272 Moderate 0 0
273 Moderate 0 0
274 Moderate 0 0
275 Moderate 0 0
276 Moderate 0 0
277 Moderate 0 0
278 Moderate 0 0
279 Moderate 0 0
280 Moderate 0 0
281 Moderate 0 0
282 Moderate 0 0
283 Moderate 0 0
284 Moderate 0 0
285 Moderate 0 0
286 Moderate 0 0
287 Moderate 0 0
288 Moderate 0 0
289 Moderate 0 0
290 Nominal 0 0
291 Nominal 0 0
292 Nominal 0 0
293 Nominal 0 0
294 Nominal 0 0
295 Nominal 0 0
296 Nominal 0 0
297 Nominal 0 0
298 Nominal 0 0
299 Nominal 0 0
300 Nominal 0 0
